391
153
39
296
799
825
386
56
937
874
756
428
253
46
81
202
441
359
809
492
451
965
157
536
283
854
579
972
559
128
357
862
489
573
265
989
30
793
26
194
548
260
899
544
294
205
42
501
739
633
520
13
845
209
75
526
353
643
500
974
93
731
888
541
763
581
750
895
167
262
435
151
79
179
539
62
660
244
101
569
839
392
519
923
509
236
242
388
83
469
810
976
102
513
66
917
570
44
33
640
767
797
726
199
529
474
371
774
297
683
15
654
737
11
997
163
98
31
692
969
637
626
112
673
183
604
235
434
425
855
356
328
688
764
708
807
268
582
35
68
987
481
340
968
622
406
534
639
724
165
338
595
586
414
592
671
556
542
491
527
605
82
883
51
789
780
975
681
484
92
853
195
396
648
753
939
761
635
482
827
477
663
5
846
823
956
298
160
549
88
71
931
241
842
645
246
516
306
620
106
702
97
77
723
263
980
326
141
447
772
188
228
642
258
805
76
375
350
927
384
946
706
498
933
401
718
126
397
944
316
715
4
830
924
161
256
173
745
488
613
532
432
287
74
762
308
239
55
463
710
134
271
218
618
922
961
109
2
943
193
261
444
190
748
295
508
868
497
374
714
204
876
467
45
494
966
210
677
960
349
6
521
175
127
693
182
530
650
824
904
583
430
252
17
373
630
893
48
957
418
743
952
225
963
872
412
981
843
659
817
655
511
65
992
460
634
782
610
572
121
293
776
564
849
259
668
885
977
171
367
913
915
678
502
346
186
656
424
504
436
624
811
947
734
699
553
136
658
234
415
180
674
362
198
641
181
390
831
906
540
387
266
990
331
342
361
111
728
310
779
871
0
804
476
694
850
921
735
381
884
525
691
229
834
661
10
439
197
503
608
571
621
826
317
958
105
422
471
560
21
800
232
158
365
615
378
676
606
690
124
470
700
878
352
561
87
223
545
257
679
701
617
754
832
431
281
602
247
90
301
270
184
142
898
669
769
122
465
697
783
891
994
784
563
547
596
682
781
877
907
998
63
133
339
41
870
517
916
749
344
170
192
689
398
383
794
785
437
778
741
940
935
329
759
60
627
993
926
305
240
882
12
455
719
920
803
138
588
758
130
881
320
272
821
813
147
475
226
486
419
408
625
311
321
988
919
985
468
818
438
576
918
896
593
889
867
52
472
765
991
249
493
366
600
929
575
267
819
144
942
747
393
237
577
951
372
286
399
858
345
880
954
220
312
19
347
22
499
631
495
533
959
285
652
215
464
216
578
9
211
664
172
224
590
341
771
168
551
14
835
37
200
219
742
213
786
518
53
402
727
562
423
479
47
222
318
113
324
709
711
16
609
860
838
73
978
27
3
454
123
120
680
840
646
449
603
131
869
740
416
566
833
94
720
856
651
983
238
523
879
934
506
598
696
292
368
535
417
585
413
164
628
300
380
574
522
208
154
36
515
203
649
100
358
411
999
176
584
507
191
420
309
950
996
806
837
733
230
174
69
554
567
587
457
941
770
107
565
43
607
670
816
903
427
928
443
49
245
787
442
189
757
440
149
370
58
59
206
704
829
863
675
730
666
483
363
555
866
707
91
28
901
178
912
812
964
303
514
510
695
382
788
409
86
80
25
546
738
307
217
280
848
254
410
979
395
304
150
859
29
644
945
433
698
146
273
24
114
275
647
732
986
722
908
336
589
125
705
619
686
1
140
632
302
403
448
852
332
61
407
955
369
333
864
746
405
836
115
672
269
20
323
446
462
394
736
135
962
930
456
478
629
334
636
148
137
343
768
337
54
8
808
139
538
212
970
775
330
777
949
290
279
473
284
790
653
995
568
982
847
822
315
233
250
364
496
744
717
248
166
886
162
851
72
156
524
67
844
505
599
487
117
251
550
89
385
314
580
155
177
887
85
623
18
129
712
207
70
96
948
288
729
814
289
110
591
201
57
231
119
490
459
558
145
512
32
214
404
78
662
461
892
458
873
169
865
766
348
327
537
376
796
798
118
379
938
277
531
616
400
910
611
665
911
802
152
760
278
485
875
792
894
445
159
38
319
351
480
84
355
716
984
282
925
322
429
685
116
953
185
657
221
421
721
828
909
34
426
902
967
773
466
841
354
751
299
276
453
755
325
50
897
103
614
594
108
552
143
820
255
64
973
243
752
815
95
667
187
684
936
291
23
638
7
104
557
890
801
132
857
196
452
377
40
861
971
450
713
795
932
99
528
274
601
791
543
227
612
703
725
905
389
335
264
313
900
360
914
687
597
