622
595
133
403
943
525
896
554
287
534
165
729
295
151
741
915
225
733
217
807
434
728
396
963
537
237
987
139
417
360
708
132
357
601
887
65
663
291
299
679
770
518
273
261
624
25
289
427
980
828
982
759
227
851
28
467
942
185
881
390
408
36
748
767
845
503
313
318
797
563
350
969
144
780
555
801
772
473
464
818
506
240
409
298
8
596
822
795
638
4
717
689
26
676
796
750
650
847
125
611
77
309
90
470
428
736
391
726
723
338
719
820
34
910
46
203
239
705
447
649
863
83
734
502
762
713
657
694
440
96
97
893
95
661
810
775
378
710
50
715
760
962
848
197
671
546
161
106
69
292
645
862
23
990
648
320
166
497
38
922
867
768
700
731
853
778
89
837
542
620
66
777
860
526
453
934
326
880
82
955
122
816
978
252
832
323
461
186
278
155
236
551
911
267
115
136
293
329
794
997
604
921
861
76
442
92
544
260
521
712
588
294
420
324
950
10
520
907
79
389
344
599
14
642
944
307
103
774
515
577
605
949
376
213
873
107
803
616
854
314
198
457
773
859
215
549
666
496
945
116
142
536
933
613
590
864
618
615
749
637
654
935
232
424
138
63
277
168
530
189
212
989
702
316
88
517
680
930
673
339
259
575
589
383
879
177
494
485
234
746
248
364
811
882
538
839
81
692
917
160
472
380
698
393
425
114
257
660
421
398
191
602
482
868
9
154
610
974
439
831
311
70
675
385
458
367
905
331
776
140
757
826
100
192
6
399
265
871
423
371
454
184
302
153
946
899
21
354
737
443
821
187
147
824
308
995
271
908
769
507
996
498
972
93
560
196
355
653
909
290
157
614
159
865
297
276
152
805
735
781
937
178
369
798
219
415
912
305
959
346
891
916
3
476
286
635
953
617
957
322
941
787
397
975
481
223
524
964
584
64
870
230
501
101
716
444
206
745
895
61
886
74
394
108
67
306
612
659
33
582
904
597
732
351
512
812
22
897
411
118
194
102
164
112
874
87
162
827
885
603
16
928
207
321
932
242
431
651
368
747
688
32
268
565
495
244
763
641
644
500
967
936
669
253
134
279
401
450
459
269
343
693
514
809
852
249
535
325
17
235
319
263
258
300
356
925
105
353
13
792
802
334
632
927
214
743
721
674
789
543
57
183
593
337
231
918
872
629
951
682
250
823
489
205
328
266
330
58
150
384
697
477
426
270
358
349
707
478
920
998
281
49
130
490
471
662
973
825
121
919
455
462
628
858
643
782
327
725
846
539
255
541
977
875
377
586
793
12
315
724
687
855
842
553
59
216
527
412
433
522
696
986
430
764
866
583
243
670
591
60
175
245
758
336
513
91
706
567
790
416
98
285
55
999
75
540
27
493
127
504
656
856
143
511
568
519
35
372
516
954
572
547
19
432
374
45
739
835
690
668
361
550
985
838
841
47
488
381
347
163
901
200
413
262
834
558
348
437
145
419
379
156
170
254
301
720
965
202
280
29
246
176
174
740
272
672
883
382
722
639
646
404
800
148
598
892
72
53
850
742
182
752
877
559
30
578
968
435
836
296
365
117
375
499
830
128
445
744
571
228
15
124
456
756
332
569
924
626
86
771
608
135
976
573
570
190
188
441
857
180
594
448
199
20
204
479
172
110
407
566
606
947
561
62
7
241
31
652
983
446
310
785
119
288
373
631
264
791
99
779
686
711
211
475
201
400
0
303
126
220
829
484
195
18
709
988
695
984
505
229
304
952
766
630
43
913
971
233
840
609
948
979
52
738
592
509
56
387
474
808
149
73
970
113
783
833
42
647
819
799
71
876
585
878
452
104
54
993
209
469
532
422
902
889
449
958
2
751
410
727
466
282
640
804
386
44
24
556
395
703
714
80
994
123
224
678
460
940
129
684
815
436
120
392
333
85
40
701
247
37
894
667
109
579
414
552
817
814
730
171
761
141
906
370
274
939
388
222
528
352
718
681
704
625
903
658
523
664
111
405
463
574
633
557
634
146
548
900
51
621
486
655
451
784
359
94
11
78
492
580
683
5
167
402
363
884
533
788
564
685
418
342
898
576
623
335
961
131
600
627
41
929
179
890
677
581
208
317
341
1
587
938
465
362
169
956
210
923
284
312
562
753
340
226
158
181
869
529
84
926
366
173
607
755
991
491
39
483
283
137
754
843
193
665
806
849
487
888
786
256
619
844
48
531
765
981
345
813
251
914
691
68
221
931
545
438
699
480
468
218
406
429
510
275
636
960
966
992
238
508
